Precision: 0.789539711903569
Recall: 0.6003533148463199
F1 Score: 0.6518597763365945
