Precision: 0.7553456955295318
Recall: 0.49738499297407845
F1 Score: 0.5690267049788382
