Accuracy: 0.734375
Precision: 0.8085106382978723
Recall: 0.8260869565217391
F1 Score: 0.8172043010752689
