Accuracy: 0.71875
Precision: 0.75
Recall: 0.9130434782608695
F1 Score: 0.8235294117647058
