Precision: 0.7645842165439808
Recall: 0.4986162574380866
F1 Score: 0.5714352867491959
