Accuracy: 0.6875
Precision: 0.782608695652174
Recall: 0.782608695652174
F1 Score: 0.782608695652174
