Precision: 0.7637829953733527
Recall: 0.5774315286166368
F1 Score: 0.625086984417543
