Precision: 0.6658187844452153
Recall: 0.4085446156726073
F1 Score: 0.47826734828700374
