Precision: 0.7736861037242586
Recall: 0.4804403634759745
F1 Score: 0.5668731312794211
