Precision: 0.7550425134018615
Recall: 0.5886803441202795
F1 Score: 0.6303652649299546
