Precision: 0.7430049716730258
Recall: 0.46014488630976086
F1 Score: 0.539746233733978
