Accuracy: 0.75
Precision: 0.8125
Recall: 0.8478260869565217
F1 Score: 0.8297872340425532
