Precision: 0.7157237188628102
Recall: 0.42856794160991185
F1 Score: 0.5085717406910609
