Accuracy: 0.71875
Precision: 0.8333333333333334
Recall: 0.7608695652173914
F1 Score: 0.7954545454545454
