Accuracy: 0.671875
Precision: 0.7906976744186046
Recall: 0.7391304347826086
F1 Score: 0.7640449438202247
