Precision: 0.8111535052221837
Recall: 0.2558810511781954
F1 Score: 0.37316538413775086
