Precision: 0.7426735268046403
Recall: 0.4656333637371908
F1 Score: 0.5468012101206691
