Precision: 0.7186033067406636
Recall: 0.42334344858047024
F1 Score: 0.5062507483481007
