Accuracy: 0.71875
Precision: 0.7916666666666666
Recall: 0.8260869565217391
F1 Score: 0.8085106382978723
