Precision: 0.7670522053196351
Recall: 0.6086702839304297
F1 Score: 0.6494849142669701
