Accuracy: 0.703125
Precision: 0.8292682926829268
Recall: 0.7391304347826086
F1 Score: 0.7816091954022989
