Precision: 0.7597582618047413
Recall: 0.5236727676258259
F1 Score: 0.5893894473267812
