Precision: 0.7420125640729179
Recall: 0.4687530166805229
F1 Score: 0.5456327030497455
