Accuracy: 0.671875
Precision: 0.8048780487804879
Recall: 0.717391304347826
F1 Score: 0.7586206896551724
