Precision: 0.7232618414460247
Recall: 0.583783656060798
F1 Score: 0.6144231814656143
