Precision: 0.7512370454791544
Recall: 0.5595297128884827
F1 Score: 0.6092578235773981
