Precision: 0.7600967723583055
Recall: 0.4481631206715032
F1 Score: 0.534916026920883
