Precision: 0.771271979327824
Recall: 0.6052918770313845
F1 Score: 0.6479101662330937
