Precision: 0.7699191759025266
Recall: 0.5543723132808577
F1 Score: 0.6116939132432253
