Accuracy: 0.6875
Precision: 0.7954545454545454
Recall: 0.7608695652173914
F1 Score: 0.7777777777777778
