Precision: 0.7578387812518926
Recall: 0.5046375058804242
F1 Score: 0.5758376441114331
