Precision: 0.7425390952619534
Recall: 0.505268477684364
F1 Score: 0.5732514480462221
