Precision: 0.7536067111162498
Recall: 0.4633834935806262
F1 Score: 0.5452810705094207
