Precision: 0.7652137048599068
Recall: 0.49128794899982325
F1 Score: 0.5660658887794974
