Precision: 0.7694720648501433
Recall: 0.5653324450757681
F1 Score: 0.620306462314209
