Accuracy: 0.765625
Precision: 0.803921568627451
Recall: 0.8913043478260869
F1 Score: 0.845360824742268
