Precision: 0.7214990906371415
Recall: 0.5840516015247198
F1 Score: 0.61456514381419
