Precision: 0.7240160803983211
Recall: 0.5944828469022018
F1 Score: 0.6216850546455126
