Precision: 0.7642887424365052
Recall: 0.49144210940372357
F1 Score: 0.5655777141671466
