Accuracy: 0.703125
Precision: 0.8461538461538461
Recall: 0.717391304347826
F1 Score: 0.7764705882352941
