Precision: 0.7349793626935494
Recall: 0.5770951591797934
F1 Score: 0.6129421892111221
