Precision: 0.7394374429927674
Recall: 0.46305662152580873
F1 Score: 0.541591217114399
