Precision: 0.7298551809824789
Recall: 0.5581348365196209
F1 Score: 0.6017229585503375
