Precision: 0.7729181463312577
Recall: 0.5340385713001045
F1 Score: 0.5996428277212184
